Settings used

alignment         : ./locus3.phylip-relaxed
branchlengths     : linked
models            : GTR, GTR+G, GTR+I+G
model_selection   : bic
search            : kmeans
min-subset-size   : 100
kmeans based on   : entropy


Best partitioning scheme

Scheme Name       : final_scheme
Scheme lnL        : -1276.78833008
Scheme BIC        : 2710.07156722
Number of params  : 24
Number of sites   : 679
Number of subsets : 2

Subset | Best Model | # sites    | subset id                        | Partition names                                                                                     
1      | GTR        | 479        | 428e71c5cd8ecf40b01f5af15fa1fe02 | NA                                                                                                  
2      | GTR        | 200        | e9e322c4ffbdc85390ae58a7cb1a6e9f | NA                                                                                                  


Scheme Description in PartitionFinder format
Scheme_final_scheme = (1, 2, 3, 4, 5, 6, 8, 10, 12, 13, 17, 19, 22, 23, 24, 25, 26, 27, 28, 29, 30, 31, 32, 33, 34, 35, 36, 37, 38, 39, 40, 41, 42, 43, 44, 45, 46, 47, 48, 52, 54, 57, 58, 60, 61, 62, 63, 64, 65, 66, 67, 73, 78, 81, 83, 84, 85, 86, 90, 91, 92, 93, 94, 95, 96, 97, 98, 99, 100, 101, 102, 103, 104, 105, 106, 107, 108, 109, 110, 111, 112, 113, 114, 115, 116, 117, 118, 119, 120, 121, 122, 123, 124, 125, 126, 127, 128, 129, 130, 131, 132, 133, 134, 138, 139, 140, 142, 144, 145, 148, 152, 155, 157, 158, 159, 160, 161, 162, 163, 164, 165, 166, 167, 168, 169, 170, 171, 172, 173, 174, 175, 176, 177, 178, 179, 180, 181, 182, 183, 184, 185, 186, 187, 188, 190, 192, 195, 196, 198, 199, 200, 201, 202, 203, 204, 205, 206, 207, 208, 209, 210, 211, 212, 213, 214, 215, 216, 217, 218, 219, 220, 221, 222, 223, 224, 225, 226, 227, 228, 229, 230, 231, 232, 233, 234, 235, 236, 237, 238, 239, 240, 241, 242, 245, 246, 247, 248, 249, 250, 252, 253, 255, 257, 259, 260, 261, 262, 263, 264, 265, 266, 267, 268, 269, 270, 271, 272, 273, 274, 275, 278, 281, 284, 285, 286, 289, 290, 291, 292, 296, 298, 302, 303, 304, 305, 306, 307, 308, 309, 310, 311, 312, 313, 315, 317, 320, 321, 324, 325, 326, 327, 328, 329, 331, 333, 336, 337, 338, 339, 340, 341, 342, 343, 346, 348, 350, 351, 352, 355, 359, 360, 361, 362, 367, 368, 371, 372, 373, 374, 375, 376, 377, 378, 379, 380, 381, 382, 383, 384, 385, 386, 387, 388, 390, 393, 394, 395, 396, 400, 401, 402, 403, 404, 405, 406, 407, 408, 409, 410, 411, 412, 413, 415, 416, 417, 424, 427, 428, 429, 430, 434, 435, 436, 437, 438, 439, 440, 444, 445, 449, 450, 452, 456, 458, 466, 467, 469, 470, 472, 474, 475, 476, 480, 482, 483, 484, 489, 490, 491, 492, 493, 494, 496, 497, 498, 499, 500, 501, 502, 503, 504, 505, 506, 507, 508, 509, 512, 514, 519, 520, 522, 523, 525, 528, 529, 530, 533, 534, 535, 536, 537, 538, 539, 540, 541, 542, 543, 544, 545, 546, 547, 548, 549, 550, 551, 552, 553, 554, 555, 556, 557, 558, 559, 560, 561, 562, 563, 564, 565, 568, 569, 571, 572, 574, 577, 578, 583, 584, 585, 588, 590, 594, 595, 596, 597, 599, 602, 603, 604, 606, 607, 610, 611, 612, 613, 614, 615, 616, 617, 618, 619, 620, 622, 623, 624, 625, 626, 627, 628, 629, 630, 631, 632, 633, 634, 635, 636, 637, 639, 640, 641, 642, 646, 648, 649, 653, 654, 655, 657, 659, 667, 669, 671, 674, 675, 676, 677, 678, 679) (7, 9, 11, 14, 15, 16, 18, 20, 21, 49, 50, 51, 53, 55, 56, 59, 68, 69, 70, 71, 72, 74, 75, 76, 77, 79, 80, 82, 87, 88, 89, 135, 136, 137, 141, 143, 146, 147, 149, 150, 151, 153, 154, 156, 189, 191, 193, 194, 197, 243, 244, 251, 254, 256, 258, 276, 277, 279, 280, 282, 283, 287, 288, 293, 294, 295, 297, 299, 300, 301, 314, 316, 318, 319, 322, 323, 330, 332, 334, 335, 344, 345, 347, 349, 353, 354, 356, 357, 358, 363, 364, 365, 366, 369, 370, 389, 391, 392, 397, 398, 399, 414, 418, 419, 420, 421, 422, 423, 425, 426, 431, 432, 433, 441, 442, 443, 446, 447, 448, 451, 453, 454, 455, 457, 459, 460, 461, 462, 463, 464, 465, 468, 471, 473, 477, 478, 479, 481, 485, 486, 487, 488, 495, 510, 511, 513, 515, 516, 517, 518, 521, 524, 526, 527, 531, 532, 566, 567, 570, 573, 575, 576, 579, 580, 581, 582, 586, 587, 589, 591, 592, 593, 598, 600, 601, 605, 608, 609, 621, 638, 643, 644, 645, 647, 650, 651, 652, 656, 658, 660, 661, 662, 663, 664, 665, 666, 668, 670, 672, 673);

Nexus formatted character sets
begin sets;
	charset Subset1 = 1, 2, 3, 4, 5, 6, 8, 10, 12, 13, 17, 19, 22, 23, 24, 25, 26, 27, 28, 29, 30, 31, 32, 33, 34, 35, 36, 37, 38, 39, 40, 41, 42, 43, 44, 45, 46, 47, 48, 52, 54, 57, 58, 60, 61, 62, 63, 64, 65, 66, 67, 73, 78, 81, 83, 84, 85, 86, 90, 91, 92, 93, 94, 95, 96, 97, 98, 99, 100, 101, 102, 103, 104, 105, 106, 107, 108, 109, 110, 111, 112, 113, 114, 115, 116, 117, 118, 119, 120, 121, 122, 123, 124, 125, 126, 127, 128, 129, 130, 131, 132, 133, 134, 138, 139, 140, 142, 144, 145, 148, 152, 155, 157, 158, 159, 160, 161, 162, 163, 164, 165, 166, 167, 168, 169, 170, 171, 172, 173, 174, 175, 176, 177, 178, 179, 180, 181, 182, 183, 184, 185, 186, 187, 188, 190, 192, 195, 196, 198, 199, 200, 201, 202, 203, 204, 205, 206, 207, 208, 209, 210, 211, 212, 213, 214, 215, 216, 217, 218, 219, 220, 221, 222, 223, 224, 225, 226, 227, 228, 229, 230, 231, 232, 233, 234, 235, 236, 237, 238, 239, 240, 241, 242, 245, 246, 247, 248, 249, 250, 252, 253, 255, 257, 259, 260, 261, 262, 263, 264, 265, 266, 267, 268, 269, 270, 271, 272, 273, 274, 275, 278, 281, 284, 285, 286, 289, 290, 291, 292, 296, 298, 302, 303, 304, 305, 306, 307, 308, 309, 310, 311, 312, 313, 315, 317, 320, 321, 324, 325, 326, 327, 328, 329, 331, 333, 336, 337, 338, 339, 340, 341, 342, 343, 346, 348, 350, 351, 352, 355, 359, 360, 361, 362, 367, 368, 371, 372, 373, 374, 375, 376, 377, 378, 379, 380, 381, 382, 383, 384, 385, 386, 387, 388, 390, 393, 394, 395, 396, 400, 401, 402, 403, 404, 405, 406, 407, 408, 409, 410, 411, 412, 413, 415, 416, 417, 424, 427, 428, 429, 430, 434, 435, 436, 437, 438, 439, 440, 444, 445, 449, 450, 452, 456, 458, 466, 467, 469, 470, 472, 474, 475, 476, 480, 482, 483, 484, 489, 490, 491, 492, 493, 494, 496, 497, 498, 499, 500, 501, 502, 503, 504, 505, 506, 507, 508, 509, 512, 514, 519, 520, 522, 523, 525, 528, 529, 530, 533, 534, 535, 536, 537, 538, 539, 540, 541, 542, 543, 544, 545, 546, 547, 548, 549, 550, 551, 552, 553, 554, 555, 556, 557, 558, 559, 560, 561, 562, 563, 564, 565, 568, 569, 571, 572, 574, 577, 578, 583, 584, 585, 588, 590, 594, 595, 596, 597, 599, 602, 603, 604, 606, 607, 610, 611, 612, 613, 614, 615, 616, 617, 618, 619, 620, 622, 623, 624, 625, 626, 627, 628, 629, 630, 631, 632, 633, 634, 635, 636, 637, 639, 640, 641, 642, 646, 648, 649, 653, 654, 655, 657, 659, 667, 669, 671, 674, 675, 676, 677, 678, 679;
	charset Subset2 = 7, 9, 11, 14, 15, 16, 18, 20, 21, 49, 50, 51, 53, 55, 56, 59, 68, 69, 70, 71, 72, 74, 75, 76, 77, 79, 80, 82, 87, 88, 89, 135, 136, 137, 141, 143, 146, 147, 149, 150, 151, 153, 154, 156, 189, 191, 193, 194, 197, 243, 244, 251, 254, 256, 258, 276, 277, 279, 280, 282, 283, 287, 288, 293, 294, 295, 297, 299, 300, 301, 314, 316, 318, 319, 322, 323, 330, 332, 334, 335, 344, 345, 347, 349, 353, 354, 356, 357, 358, 363, 364, 365, 366, 369, 370, 389, 391, 392, 397, 398, 399, 414, 418, 419, 420, 421, 422, 423, 425, 426, 431, 432, 433, 441, 442, 443, 446, 447, 448, 451, 453, 454, 455, 457, 459, 460, 461, 462, 463, 464, 465, 468, 471, 473, 477, 478, 479, 481, 485, 486, 487, 488, 495, 510, 511, 513, 515, 516, 517, 518, 521, 524, 526, 527, 531, 532, 566, 567, 570, 573, 575, 576, 579, 580, 581, 582, 586, 587, 589, 591, 592, 593, 598, 600, 601, 605, 608, 609, 621, 638, 643, 644, 645, 647, 650, 651, 652, 656, 658, 660, 661, 662, 663, 664, 665, 666, 668, 670, 672, 673;
	charpartition PartitionFinder = Group1:Subset1, Group2:Subset2;
end;


RaxML-style partition definitions
Warning: RAxML allows for only a single model of rate heterogeneity in partitioned analyses. I.e. all partitions must be assigned one of three types of model: No heterogeneity (e.g. GTR); +G (e.g. GTR+G); or +I+G (e.g. GTR+I+G). If the best models for your datasetcontain different types of model for different subsets you will need to decide on the best rate heterogeneity model before you run RAxML. If you prefer to do things more rigorously, you can run separate PartitionFinder analyses for each type of rate heterogenetity Then choose the scheme with the lowest AIC/AICc/BIC score. Note that these re-runs will be quick!

DNA, Subset1 = 1, 2, 3, 4, 5, 6, 8, 10, 12, 13, 17, 19, 22, 23, 24, 25, 26, 27, 28, 29, 30, 31, 32, 33, 34, 35, 36, 37, 38, 39, 40, 41, 42, 43, 44, 45, 46, 47, 48, 52, 54, 57, 58, 60, 61, 62, 63, 64, 65, 66, 67, 73, 78, 81, 83, 84, 85, 86, 90, 91, 92, 93, 94, 95, 96, 97, 98, 99, 100, 101, 102, 103, 104, 105, 106, 107, 108, 109, 110, 111, 112, 113, 114, 115, 116, 117, 118, 119, 120, 121, 122, 123, 124, 125, 126, 127, 128, 129, 130, 131, 132, 133, 134, 138, 139, 140, 142, 144, 145, 148, 152, 155, 157, 158, 159, 160, 161, 162, 163, 164, 165, 166, 167, 168, 169, 170, 171, 172, 173, 174, 175, 176, 177, 178, 179, 180, 181, 182, 183, 184, 185, 186, 187, 188, 190, 192, 195, 196, 198, 199, 200, 201, 202, 203, 204, 205, 206, 207, 208, 209, 210, 211, 212, 213, 214, 215, 216, 217, 218, 219, 220, 221, 222, 223, 224, 225, 226, 227, 228, 229, 230, 231, 232, 233, 234, 235, 236, 237, 238, 239, 240, 241, 242, 245, 246, 247, 248, 249, 250, 252, 253, 255, 257, 259, 260, 261, 262, 263, 264, 265, 266, 267, 268, 269, 270, 271, 272, 273, 274, 275, 278, 281, 284, 285, 286, 289, 290, 291, 292, 296, 298, 302, 303, 304, 305, 306, 307, 308, 309, 310, 311, 312, 313, 315, 317, 320, 321, 324, 325, 326, 327, 328, 329, 331, 333, 336, 337, 338, 339, 340, 341, 342, 343, 346, 348, 350, 351, 352, 355, 359, 360, 361, 362, 367, 368, 371, 372, 373, 374, 375, 376, 377, 378, 379, 380, 381, 382, 383, 384, 385, 386, 387, 388, 390, 393, 394, 395, 396, 400, 401, 402, 403, 404, 405, 406, 407, 408, 409, 410, 411, 412, 413, 415, 416, 417, 424, 427, 428, 429, 430, 434, 435, 436, 437, 438, 439, 440, 444, 445, 449, 450, 452, 456, 458, 466, 467, 469, 470, 472, 474, 475, 476, 480, 482, 483, 484, 489, 490, 491, 492, 493, 494, 496, 497, 498, 499, 500, 501, 502, 503, 504, 505, 506, 507, 508, 509, 512, 514, 519, 520, 522, 523, 525, 528, 529, 530, 533, 534, 535, 536, 537, 538, 539, 540, 541, 542, 543, 544, 545, 546, 547, 548, 549, 550, 551, 552, 553, 554, 555, 556, 557, 558, 559, 560, 561, 562, 563, 564, 565, 568, 569, 571, 572, 574, 577, 578, 583, 584, 585, 588, 590, 594, 595, 596, 597, 599, 602, 603, 604, 606, 607, 610, 611, 612, 613, 614, 615, 616, 617, 618, 619, 620, 622, 623, 624, 625, 626, 627, 628, 629, 630, 631, 632, 633, 634, 635, 636, 637, 639, 640, 641, 642, 646, 648, 649, 653, 654, 655, 657, 659, 667, 669, 671, 674, 675, 676, 677, 678, 679
DNA, Subset2 = 7, 9, 11, 14, 15, 16, 18, 20, 21, 49, 50, 51, 53, 55, 56, 59, 68, 69, 70, 71, 72, 74, 75, 76, 77, 79, 80, 82, 87, 88, 89, 135, 136, 137, 141, 143, 146, 147, 149, 150, 151, 153, 154, 156, 189, 191, 193, 194, 197, 243, 244, 251, 254, 256, 258, 276, 277, 279, 280, 282, 283, 287, 288, 293, 294, 295, 297, 299, 300, 301, 314, 316, 318, 319, 322, 323, 330, 332, 334, 335, 344, 345, 347, 349, 353, 354, 356, 357, 358, 363, 364, 365, 366, 369, 370, 389, 391, 392, 397, 398, 399, 414, 418, 419, 420, 421, 422, 423, 425, 426, 431, 432, 433, 441, 442, 443, 446, 447, 448, 451, 453, 454, 455, 457, 459, 460, 461, 462, 463, 464, 465, 468, 471, 473, 477, 478, 479, 481, 485, 486, 487, 488, 495, 510, 511, 513, 515, 516, 517, 518, 521, 524, 526, 527, 531, 532, 566, 567, 570, 573, 575, 576, 579, 580, 581, 582, 586, 587, 589, 591, 592, 593, 598, 600, 601, 605, 608, 609, 621, 638, 643, 644, 645, 647, 650, 651, 652, 656, 658, 660, 661, 662, 663, 664, 665, 666, 668, 670, 672, 673


MrBayes block for partition definitions
Warning: MrBayes only allows a relatively small collection of models. If any model in your analysis is not one that is included in MrBayes (e.g. by setting nst = 1, 2, or 6 for DNA sequences; or is not in the available list of protein models for MrBayes)then this MrBayes block will just set that model to nst = 6 for DNA, or 'wag' for Protein. Similarly, the only additional parameters that this MrBayes block will include are +I and +G. Other  parameters, such as +F and +X, are ignored. If you want to use this MrBayes block for your analysis, please make sure to check it carefully before you use it we've done our best to make it accurate, but there may be errors that remain!

begin mrbayes;

	charset Subset1 = 1 2 3 4 5 6 8 10 12 13 17 19 22 23 24 25 26 27 28 29 30 31 32 33 34 35 36 37 38 39 40 41 42 43 44 45 46 47 48 52 54 57 58 60 61 62 63 64 65 66 67 73 78 81 83 84 85 86 90 91 92 93 94 95 96 97 98 99 100 101 102 103 104 105 106 107 108 109 110 111 112 113 114 115 116 117 118 119 120 121 122 123 124 125 126 127 128 129 130 131 132 133 134 138 139 140 142 144 145 148 152 155 157 158 159 160 161 162 163 164 165 166 167 168 169 170 171 172 173 174 175 176 177 178 179 180 181 182 183 184 185 186 187 188 190 192 195 196 198 199 200 201 202 203 204 205 206 207 208 209 210 211 212 213 214 215 216 217 218 219 220 221 222 223 224 225 226 227 228 229 230 231 232 233 234 235 236 237 238 239 240 241 242 245 246 247 248 249 250 252 253 255 257 259 260 261 262 263 264 265 266 267 268 269 270 271 272 273 274 275 278 281 284 285 286 289 290 291 292 296 298 302 303 304 305 306 307 308 309 310 311 312 313 315 317 320 321 324 325 326 327 328 329 331 333 336 337 338 339 340 341 342 343 346 348 350 351 352 355 359 360 361 362 367 368 371 372 373 374 375 376 377 378 379 380 381 382 383 384 385 386 387 388 390 393 394 395 396 400 401 402 403 404 405 406 407 408 409 410 411 412 413 415 416 417 424 427 428 429 430 434 435 436 437 438 439 440 444 445 449 450 452 456 458 466 467 469 470 472 474 475 476 480 482 483 484 489 490 491 492 493 494 496 497 498 499 500 501 502 503 504 505 506 507 508 509 512 514 519 520 522 523 525 528 529 530 533 534 535 536 537 538 539 540 541 542 543 544 545 546 547 548 549 550 551 552 553 554 555 556 557 558 559 560 561 562 563 564 565 568 569 571 572 574 577 578 583 584 585 588 590 594 595 596 597 599 602 603 604 606 607 610 611 612 613 614 615 616 617 618 619 620 622 623 624 625 626 627 628 629 630 631 632 633 634 635 636 637 639 640 641 642 646 648 649 653 654 655 657 659 667 669 671 674 675 676 677 678 679;
	charset Subset2 = 7 9 11 14 15 16 18 20 21 49 50 51 53 55 56 59 68 69 70 71 72 74 75 76 77 79 80 82 87 88 89 135 136 137 141 143 146 147 149 150 151 153 154 156 189 191 193 194 197 243 244 251 254 256 258 276 277 279 280 282 283 287 288 293 294 295 297 299 300 301 314 316 318 319 322 323 330 332 334 335 344 345 347 349 353 354 356 357 358 363 364 365 366 369 370 389 391 392 397 398 399 414 418 419 420 421 422 423 425 426 431 432 433 441 442 443 446 447 448 451 453 454 455 457 459 460 461 462 463 464 465 468 471 473 477 478 479 481 485 486 487 488 495 510 511 513 515 516 517 518 521 524 526 527 531 532 566 567 570 573 575 576 579 580 581 582 586 587 589 591 592 593 598 600 601 605 608 609 621 638 643 644 645 647 650 651 652 656 658 660 661 662 663 664 665 666 668 670 672 673;

	partition PartitionFinder = 2:Subset1, Subset2;
	set partition=PartitionFinder;

	lset applyto=(1) nst=6;
	lset applyto=(2) nst=6;

	prset applyto=(all) ratepr=variable;
	unlink statefreq=(all) revmat=(all) shape=(all) pinvar=(all) tratio=(all);

end;



*Citations for this analysis*
-----------------------------
If you use this analysis in your published work, please cite the following papers on which your analysis relied.

For the version of PartitionFinder you used, please cite:
Lanfear, R., Frandsen, P. B., Wright, A. M., Senfeld, T., Calcott, B. (2016) PartitionFinder 2: new methods for selecting partitioned models of evolution formolecular and morphological phylogenetic analyses. Molecular biology and evolution. DOI: dx.doi.org/10.1093/molbev/msw260

For the kmeans algorithm you used, please cite:
Frandsen, P. B., Calcott, B., Mayer, C., & Lanfear, R. (2015). Automatic selection of partitioning schemes for phylogenetic analyses using iterative k-means clustering of site rates. BMC Evolutionary Biology, 15(1), 13.

Your analysis also used RAxML, so please cite:
Stamatakis, A. (2014). RAxML version 8: a tool for phylogenetic analysis and post-analysis of large phylogenies. Bioinformatics, 30(9), 1312-1313.

